Entropy_Average Random_Average Run_Number Entropy_Distance Random_Distance
0.5018152385243574 0.5002604466304653 0 0.0018152385243573876 2.6044663046531635E-4
0.5008342978970448 0.5012853153396203 1 8.342978970448112E-4 0.0012853153396202854
0.49682292704670655 0.4999579037799104 2 0.003177072953293447 4.2096220089604675E-5
0.5013945555216477 0.501332134811355 3 0.001394555521647689 0.001332134811354968
0.49962354031590017 0.5013124445043146 4 3.76459684099828E-4 0.0013124445043145583
0.499085667767379 0.498282001444757 5 9.143322326209957E-4 0.0017179985552430166
0.5005465124342342 0.499927006375317 6 5.465124342342031E-4 7.29936246829932E-5
0.4989720646266085 0.5004219953418989 7 0.0010279353733915197 4.219953418989064E-4
0.499226605475287 0.4998968829216034 8 7.733945247129781E-4 1.0311707839660844E-4
0.4998281072886401 0.5006168251531947 9 1.7189271135992223E-4 6.168251531947222E-4
0.5007266663943493 0.4992176377089009 10 7.266663943492624E-4 7.823622910991257E-4
0.5018173608252913 0.5010625701673523 11 0.0018173608252912699 0.0010625701673523391
0.49935839421376854 0.49781848204145784 12 6.416057862314584E-4 0.0021815179585421562
0.5004833957989201 0.5004078871276391 13 4.833957989200943E-4 4.0788712763906165E-4
0.4996637881462765 0.5009273630671978 14 3.362118537235115E-4 9.273630671977617E-4
0.49936475238103406 0.49947624926696976 15 6.352476189659395E-4 5.237507330302371E-4
0.4993309949125386 0.5009473764904798 16 6.690050874614273E-4 9.473764904798232E-4
0.5012521864950736 0.49900487717252995 17 0.0012521864950736372 9.951228274700519E-4
0.5006735815299219 0.49905545894934694 18 6.735815299219183E-4 9.445410506530583E-4
0.4994092919969086 0.5015192236456427 19 5.907080030914114E-4 0.00151922364564272
0.49947762869658785 0.5000976545971664 20 5.223713034121502E-4 9.765459716637448E-5
0.4994052777316548 0.500830944961302 21 5.947222683452269E-4 8.309449613019826E-4
0.5011668560630218 0.5011222085264623 22 0.0011668560630218039 0.001122208526462276
0.49964485188159097 0.5010051803478044 23 3.5514811840903215E-4 0.0010051803478043908
0.5003025094986607 0.49957260149804283 24 3.025094986607302E-4 4.273985019571658E-4
0.5007504142083593 0.4991159980920523 25 7.504142083593068E-4 8.840019079476846E-4
0.500140068689382 0.49896291284573635 26 1.4006868938198913E-4 0.0010370871542636495
0.5001493384867668 0.5001525521892444 27 1.493384867667924E-4 1.5255218924437042E-4
0.4972695420425609 0.4997019694367467 28 0.002730457957439092 2.9803056325328203E-4
0.4977664028349011 0.4996937760703504 29 0.0022335971650989106 3.062239296495739E-4
0.49881007531491084 0.5003112102008329 30 0.001189924685089161 3.1121020083291207E-4
0.49956311245407387 0.4990412344031584 31 4.3688754592613455E-4 9.587655968416042E-4
0.5003103008432237 0.5006245345804258 32 3.1030084322369866E-4 6.245345804257729E-4
0.500906949104113 0.499498150535071 33 9.069491041130417E-4 5.018494649289829E-4
0.49997177744190957 0.5006801838716949 34 2.8222558090429395E-5 6.801838716948838E-4
0.4989316091401811 0.4992149437261502 35 0.001068390859818913 7.850562738497824E-4
0.5000936561122761 0.5011123879239521 36 9.365611227607484E-5 0.001112387923952074
0.4997559062643183 0.500307141006112 37 2.4409373568168302E-4 3.0714100611195505E-4
0.5003838016911888 0.4997588758686485 38 3.838016911887898E-4 2.4112413135152222E-4
0.49981215160774095 0.49995546776118027 39 1.8784839225904904E-4 4.453223881972779E-5
0.5004974536888981 0.499787616458236 40 4.974536888980863E-4 2.123835417640052E-4
0.501855963009235 0.4981711333009776 41 0.0018559630092349622 0.00182886669902238
0.49925327023409016 0.5006975046970474 42 7.467297659098371E-4 6.975046970474352E-4
0.5009734875786873 0.49979019906759997 43 9.734875786873154E-4 2.0980093240002828E-4
0.4992030387285971 0.5010624882963798 44 7.969612714028851E-4 0.0010624882963797821
0.4995962472987069 0.5003368809267139 45 4.0375270129311414E-4 3.368809267139117E-4
0.5009546649671576 0.5004368788115368 46 9.546649671575702E-4 4.368788115367561E-4
0.5009210960411238 0.500263083704124 47 9.210960411237812E-4 2.6308370412397863E-4
0.5012526378455947 0.4993019907547289 48 0.0012526378455947063 6.980092452710807E-4
0.4994700984394004 0.5004314449464435 49 5.299015605996216E-4 4.314449464435377E-4
0.4996263487519897 0.49856935999113455 50 3.7365124801030936E-4 0.001430640008865447
0.5007636863040238 0.4988939186050856 51 7.636863040237918E-4 0.0011060813949144155
0.4990916620013016 0.5004529264823259 52 9.08337998698383E-4 4.529264823258661E-4
0.5008839818933011 0.5000006149604803 53 8.839818933010779E-4 6.149604803162845E-7
0.4998096715221023 0.5009414780711149 54 1.9032847789768326E-4 9.414780711148873E-4
0.5003848426053689 0.5009558879385848 55 3.848426053688625E-4 9.558879385848096E-4
0.5002682535288163 0.49943648629503373 56 2.6825352881632014E-4 5.635137049662675E-4
0.4998277176174481 0.5008083672813746 57 1.7228238255190265E-4 8.083672813745668E-4
0.5009077408983276 0.5002406328574892 58 9.077408983275692E-4 2.4063285748920915E-4
0.5019021937523354 0.5002963426417173 59 0.0019021937523353571 2.963426417172954E-4
0.4995520540506055 0.49966314135348383 60 4.479459493945126E-4 3.3685864651616937E-4
0.5002456809844669 0.4995519002259006 61 2.4568098446686726E-4 4.480997740993753E-4
0.5016669389440575 0.4996612868674658 62 0.00166693894405745 3.387131325341963E-4
0.4982380075514794 0.49965041754349715 63 0.0017619924485205996 3.4958245650285047E-4
0.5018486100857251 0.5007548524614261 64 0.001848610085725122 7.548524614261476E-4
0.5005417099880762 0.4990421024796192 65 5.417099880762333E-4 9.578975203807794E-4
0.500682026987966 0.4990395151626159 66 6.820269879660446E-4 9.604848373840902E-4
0.500774133912687 0.4996891979614175 67 7.741339126869917E-4 3.10802038582525E-4
0.5012717173823239 0.4986822760623468 68 0.0012717173823239003 0.0013177239376532257
0.5001689371106722 0.5000598497226149 69 1.6893711067222927E-4 5.984972261485755E-5
0.5007243276151991 0.49993860668750684 70 7.243276151991385E-4 6.139331249316315E-5
0.4993311147558059 0.5004918878475165 71 6.688852441941173E-4 4.918878475165256E-4
0.49936113384760356 0.5007818761450751 72 6.388661523964445E-4 7.818761450750777E-4
0.4991963462773571 0.4992967073211288 73 8.036537226429052E-4 7.032926788712035E-4
0.4993266204108488 0.49885330449451454 74 6.733795891512018E-4 0.0011466955054854622
0.49969011951853404 0.5005155485608359 75 3.098804814659628E-4 5.1554856083591E-4
0.4999597511629725 0.49931902143519874 76 4.0248837027523354E-5 6.809785648012601E-4
0.49895147657893685 0.5000962092838339 77 0.0010485234210631522 9.620928383391458E-5
0.5006652362472388 0.5005253063290195 78 6.652362472387985E-4 5.253063290194815E-4
0.5001298897103732 0.5007351465998595 79 1.2988971037319885E-4 7.351465998595152E-4
0.4992790098760105 0.4979122154271459 80 7.209901239895178E-4 0.002087784572854079
0.5014746295512713 0.4994426515937278 81 0.0014746295512713115 5.573484062721956E-4
0.5015673961603403 0.49968790395781143 82 0.0015673961603402953 3.120960421885699E-4
0.5004168798236104 0.4999439056108121 83 4.168798236103832E-4 5.6094389187910654E-5
0.5001217277356704 0.5008022360058024 84 1.2172773567042938E-4 8.022360058024258E-4
0.5013069693541791 0.5002954264149966 85 0.0013069693541790661 2.954264149965802E-4
0.49945427328831066 0.4998353201788905 86 5.457267116893427E-4 1.6467982110951462E-4
0.5005833169300995 0.49724111208213134 87 5.833169300994978E-4 0.0027588879178686576
0.5000186321961092 0.49981719413036385 88 1.863219610920286E-5 1.8280586963614898E-4
0.500981689819347 0.49949903914132904 89 9.81689819346987E-4 5.009608586709624E-4
0.5007728242236111 0.49851300153736405 90 7.728242236111349E-4 0.0014869984626359467
0.49961816237221074 0.5002849277896824 91 3.81837627789261E-4 2.8492778968236543E-4
0.5005610256896106 0.4992693480041313 92 5.610256896105836E-4 7.306519958686919E-4
0.49920217865580163 0.5004075256928002 93 7.978213441983684E-4 4.0752569280022577E-4
0.4985347248906792 0.49984749821319324 94 0.0014652751093208183 1.5250178680675797E-4
0.4996758618972777 0.5000113782938315 95 3.241381027223045E-4 1.1378293831465491E-5
0.5011072606174907 0.5007801228466755 96 0.0011072606174906685 7.801228466755017E-4
0.5011422779827476 0.5001880384322923 97 0.0011422779827475749 1.8803843229231454E-4
0.4994303456304372 0.4997958128749208 98 5.696543695627998E-4 2.0418712507919157E-4
0.4995476199789487 0.5003499800276485 99 4.523800210513018E-4 3.499800276485221E-4
0.5001829189971416 0.49927046275811787 100 1.829189971416234E-4 7.295372418821278E-4
0.4992293384547781 0.4991089413461434 101 7.706615452218735E-4 8.910586538565801E-4
0.5001322403002233 0.5011461793344755 102 1.3224030022329636E-4 0.0011461793344754723
0.5010102713891407 0.5015390924063726 103 0.0010102713891406712 0.001539092406372622
0.500155060736242 0.4996122950263144 104 1.5506073624205197E-4 3.8770497368562085E-4
0.5002387788743905 0.4989646291474925 105 2.387788743904995E-4 0.001035370852507489
0.49923979374726407 0.4998029029746703 106 7.602062527359288E-4 1.9709702532971773E-4
0.5006325384745883 0.5006645365292864 107 6.325384745883289E-4 6.645365292864414E-4
0.5005339771025588 0.4993833534096679 108 5.339771025587581E-4 6.16646590332115E-4
0.49850169502529973 0.500745062627929 109 0.0014983049747002708 7.450626279289496E-4
0.49859087790544 0.49915237937548135 110 0.0014091220945600114 8.476206245186524E-4
0.5009191300797767 0.49950464692835805 111 9.19130079776731E-4 4.953530716419463E-4
0.49765553477591556 0.4986213521711379 112 0.0023444652240844355 0.0013786478288621007
0.4993756310991599 0.500620779667394 113 6.24368900840111E-4 6.207796673940447E-4
0.500561255579967 0.5003383073523375 114 5.612555799670016E-4 3.383073523375302E-4
0.49958899513723254 0.49846421464293245 115 4.110048627674612E-4 0.001535785357067554
0.4995234355847903 0.5004797946770644 116 4.765644152097126E-4 4.797946770643824E-4
0.4997935063754354 0.5010216947756755 117 2.0649362456459652E-4 0.0010216947756754857
0.5005184819563689 0.5019264864693657 118 5.184819563689436E-4 0.0019264864693656625
0.49905086628653195 0.4996401260626329 119 9.491337134680533E-4 3.598739373670834E-4
0.49913098998754557 0.5004672309386369 120 8.690100124544298E-4 4.672309386368756E-4
0.49892695762685363 0.4997555617359542 121 0.0010730423731463712 2.444382640457987E-4
0.4994479777974714 0.49874581880119095 122 5.520222025285904E-4 0.0012541811988090457
0.49930726001699505 0.4994200692877226 123 6.92739983004953E-4 5.7993071227741E-4
0.5005372316172682 0.5014685329559099 124 5.372316172681524E-4 0.0014685329559098736
0.5002590604969295 0.5011176261184203 125 2.590604969294752E-4 0.0011176261184202563
0.49980461347708793 0.5006524154188117 126 1.953865229120666E-4 6.524154188116693E-4
0.5003687346728993 0.5005950768577918 127 3.6873467289932904E-4 5.950768577918097E-4
0.49959980363030415 0.49920825761845466 128 4.001963696958488E-4 7.91742381545335E-4
0.5014565997924604 0.49824789193555996 129 0.001456599792460378 0.0017521080644400389
0.5005678947721952 0.5001797884685453 130 5.678947721952099E-4 1.797884685452722E-4
0.49961414573241947 0.5008649620020065 131 3.858542675805321E-4 8.649620020064752E-4
0.4998953030609317 0.4997493505177408 132 1.0469693906828281E-4 2.5064948225922423E-4
0.5003980278994484 0.49980409492735467 133 3.9802789944842765E-4 1.9590507264533041E-4
0.5000443785178414 0.4996248236299202 134 4.437851784144797E-5 3.751763700797772E-4
0.4991112236900458 0.5007454926678149 135 8.88776309954209E-4 7.454926678148732E-4
0.5018321719964717 0.49986820449647734 136 0.0018321719964716765 1.3179550352265812E-4
0.4999899008038784 0.49911867570413027 137 1.0099196121604592E-5 8.813242958697343E-4
0.5001574295132264 0.5015989079340203 138 1.5742951322639254E-4 0.0015989079340202883
0.5001500818712968 0.5001291835607737 139 1.500818712968366E-4 1.2918356077373794E-4
0.4994983803303348 0.5005980226539152 140 5.016196696652209E-4 5.980226539151756E-4
0.49961964841449313 0.49925986716803294 141 3.803515855068662E-4 7.401328319670553E-4
0.4980907490634464 0.4990863732494676 142 0.001909250936553586 9.136267505324147E-4
0.49986690482777046 0.5001692917147419 143 1.3309517222953593E-4 1.6929171474189264E-4
0.5000904141200057 0.4999760318133785 144 9.041412000565519E-5 2.396818662148137E-5
0.4995479736837286 0.4991187385292065 145 4.520263162713922E-4 8.812614707934818E-4
0.5000890966160974 0.501288504378149 146 8.909661609735053E-5 0.0012885043781489802
0.49936828673262373 0.49925135857663955 147 6.31713267376266E-4 7.486414233604521E-4
0.5011631761278562 0.501441943828554 148 0.0011631761278562136 0.0014419438285540043
0.49781970954477694 0.5011725579273565 149 0.002180290455223055 0.001172557927356488
0.49991537513762885 0.5004365230650808 150 8.462486237115208E-5 4.365230650807961E-4
0.4999570782429328 0.4986776618005447 151 4.292175706721579E-5 0.0013223381994553196
0.5002553878743891 0.5001110075940336 152 2.5538787438905697E-4 1.1100759403359639E-4
0.499315179556943 0.4982299574932967 153 6.848204430570104E-4 0.0017700425067033176
0.5008773781677369 0.501027305717793 154 8.773781677369197E-4 0.00102730571779297
0.5003548322573179 0.5022209122609377 155 3.5483225731791634E-4 0.0022209122609376797
0.5001443891501755 0.5004312933104385 156 1.4438915017545018E-4 4.31293310438452E-4
0.5014882783090872 0.5000392480661676 157 0.0014882783090871543 3.924806616761867E-5
0.49941553788376514 0.4990344987147019 158 5.844621162348629E-4 9.655012852980982E-4
0.5012573386258315 0.4991276408120496 159 0.00125733862583155 8.723591879504222E-4
0.5003475964175885 0.4997475641589156 160 3.475964175885249E-4 2.5243584108441963E-4
0.5002007264470459 0.4999342805433308 161 2.0072644704594023E-4 6.571945666922208E-5
0.5008018990128051 0.5013488127751495 162 8.018990128051406E-4 0.0013488127751495327
0.5000992717200998 0.5011619616544082 163 9.927172009982499E-5 0.0011619616544081834
0.4997023729164013 0.49870210069010623 164 2.9762708359870604E-4 0.0012978993098937686
0.5004802930235868 0.5008230191640477 165 4.802930235867642E-4 8.230191640477003E-4
0.49956291014976856 0.5004198393407566 166 4.370898502314424E-4 4.1983934075662255E-4
0.49914631741502846 0.4989498610263197 167 8.536825849715379E-4 0.0010501389736802813
0.5000172209412121 0.5016074803305425 168 1.7220941212148233E-5 0.0016074803305424767
0.5019035349751677 0.5001321371025187 169 0.0019035349751677089 1.3213710251869237E-4
0.4987089709491261 0.49954046396627366 170 0.0012910290508739153 4.5953603372633767E-4
0.4984944555273038 0.5013616035825742 171 0.0015055444726961853 0.0013616035825742001
0.4991192865413159 0.500365972017985 172 8.807134586841237E-4 3.659720179850501E-4
0.4997701498928872 0.4984996991104329 173 2.2985010711279452E-4 0.0015003008895670966
0.5011162317197734 0.49942618018804513 174 0.001116231719773375 5.738198119548676E-4
0.49985346095888156 0.49939842743846874 175 1.4653904111844307E-4 6.015725615312606E-4
0.5000440107729234 0.5001326566895296 176 4.4010772923375185E-5 1.3265668952955334E-4
0.49944756699158066 0.5006683509365992 177 5.524330084193396E-4 6.683509365992268E-4
0.4999543415009824 0.5015222955595008 178 4.565849901760899E-5 0.0015222955595007859
0.4998567110982271 0.5010602631531119 179 1.4328890177289777E-4 0.0010602631531119178
0.49953245847298283 0.4996092969591261 180 4.675415270171679E-4 3.907030408739076E-4
0.4992635553229452 0.4984535459451966 181 7.364446770548039E-4 0.0015464540548034145
0.5018848907504843 0.5007694982245234 182 0.0018848907504842582 7.69498224523435E-4
0.500883645037532 0.500816233130609 183 8.836450375320215E-4 8.162331306089676E-4
0.49838104832170965 0.5017139457794829 184 0.001618951678290348 0.0017139457794829172
0.5008000935745958 0.4995495692168608 185 8.000935745957616E-4 4.504307831392218E-4
0.5000940980476364 0.5012288852938442 186 9.409804763638174E-5 0.0012288852938442396
0.49898163866342476 0.5007400293848079 187 0.0010183613365752353 7.400293848078832E-4
0.49966964543706643 0.49921717914753894 188 3.303545629335658E-4 7.828208524610636E-4
0.5012836860851134 0.5003103587706497 189 0.0012836860851134224 3.1035877064966577E-4
0.49819514138678583 0.49988130548084975 190 0.0018048586132141664 1.1869451915025309E-4
0.4998948072033376 0.5002111566131455 191 1.0519279666237891E-4 2.1115661314552447E-4
0.5004116392146088 0.4997770690345551 192 4.116392146088499E-4 2.2293096544490076E-4
0.4999489585393993 0.4999823719250989 193 5.104146060069814E-5 1.7628074901077095E-5
0.5000582806592636 0.5008428228565314 194 5.828065926360981E-5 8.428228565313667E-4
0.4991918462322399 0.5002841318310984 195 8.081537677601114E-4 2.841318310984331E-4
0.5004220731433804 0.49943828548742336 196 4.2207314338038593E-4 5.617145125766387E-4
0.5010780048314216 0.49899892558583314 197 0.0010780048314216195 0.0010010744141668582
0.4998622895819461 0.4994314111676785 198 1.377104180538824E-4 5.68588832321526E-4
0.5018938552990573 0.49817326762577674 199 0.0018938552990572788 0.001826732374223261
0.4992656358476618 0.4984221660406274 200 7.34364152338185E-4 0.0015778339593726098
0.49910088164552685 0.501103880170942 201 8.991183544731496E-4 0.0011038801709419843
0.49996081404411197 0.4996251807227901 202 3.918595588803253E-5 3.748192772098924E-4
0.5005370595804455 0.49945575668362435 203 5.370595804454759E-4 5.442433163756477E-4
0.5021635189628912 0.5013383546764916 204 0.002163518962891242 0.001338354676491571
0.49870422543742315 0.5000224681756875 205 0.0012957745625768458 2.24681756875178E-5
0.5004062027773023 0.5015118386644091 206 4.0620277730230026E-4 0.0015118386644090709
0.5006738849615167 0.4994575469970943 207 6.738849615166576E-4 5.42453002905674E-4
0.4999890237015172 0.5008465829818121 208 1.0976298482789915E-5 8.465829818120607E-4
0.4996808783322554 0.5007789457635682 209 3.1912166774461515E-4 7.78945763568184E-4
0.5000420741258262 0.49911815909813423 210 4.207412582624137E-5 8.818409018657714E-4
0.49953362782461175 0.5011065080026585 211 4.6637217538825215E-4 0.001106508002658546
0.5001001439908683 0.5000037699481186 212 1.0014399086832881E-4 3.769948118570454E-6
0.5006989506841821 0.4997943661277296 213 6.989506841821314E-4 2.0563387227040542E-4
0.49965367329156424 0.5014368826836585 214 3.463267084357624E-4 0.0014368826836584914
0.4996073464921971 0.5002822534548826 215 3.926535078028759E-4 2.8225345488264164E-4
0.5010607416736724 0.49927734418085595 216 0.0010607416736724273 7.226558191440469E-4
0.5006464623250308 0.5015810714682338 217 6.464623250308499E-4 0.00158107146823383
0.49978546225559345 0.5000793991527213 218 2.1453774440655105E-4 7.939915272126008E-5
0.5006640781035093 0.5000441985978133 219 6.640781035093246E-4 4.419859781334967E-5
0.4984893476766868 0.49965746799727456 220 0.0015106523233132108 3.425320027254375E-4
0.500976758656384 0.5007315125127958 221 9.767586563840247E-4 7.315125127957955E-4
0.5001879349155685 0.5021696124127574 222 1.879349155684551E-4 0.0021696124127573713
0.4997826563398306 0.49955220369470776 223 2.173436601694001E-4 4.4779630529223624E-4
0.4989712972790138 0.4996245858853161 224 0.0010287027209862076 3.7541411468389185E-4
0.5000584512837974 0.49940732832750817 225 5.845128379744491E-5 5.926716724918291E-4
0.4996801809311455 0.49957758566845006 226 3.1981906885447664E-4 4.2241433154993624E-4
0.49997968766532713 0.4986626146917555 227 2.0312334672867305E-5 0.0013373853082445097
0.4989911147655568 0.5005179501470901 228 0.001008885234443202 5.179501470901071E-4
0.5012288006012442 0.49892274247207286 229 0.0012288006012441954 0.0010772575279271446
0.4992138785778309 0.4989475721765369 230 7.86121422169106E-4 0.001052427823463098
0.49854556897506935 0.5002330654690387 231 0.001454431024930647 2.3306546903867353E-4
0.49902270523653497 0.5004018199159375 232 9.772947634650309E-4 4.0181991593746247E-4
0.5006418608515495 0.5005630458213822 233 6.418608515494917E-4 5.630458213822243E-4
0.5010842887133933 0.5014154874702486 234 0.0010842887133932777 0.0014154874702485554
0.49982768635361574 0.4992270883727071 235 1.7231364638425894E-4 7.729116272929271E-4
0.4986923101938948 0.49927059665368934 236 0.0013076898061051834 7.294033463106642E-4
0.5006811275753406 0.5009112583553564 237 6.811275753405566E-4 9.112583553564368E-4
0.4982019119026423 0.49985498661786515 238 0.0017980880973577085 1.4501338213485093E-4
0.49994447612109366 0.49998198269947924 239 5.5523878906338364E-5 1.801730052075623E-5
0.49934048536789916 0.5010162576743754 240 6.595146321008438E-4 0.0010162576743754093
0.5025291483415559 0.4990102571385046 241 0.0025291483415559313 9.897428614953907E-4
0.498707645838111 0.5000396198131017 242 0.0012923541618889978 3.961981310174334E-5
0.5012506926517498 0.499538635879802 243 0.0012506926517498185 4.6136412019798234E-4
0.4990792639158102 0.5006167279259494 244 9.207360841897994E-4 6.167279259493563E-4
0.500283789078926 0.5015335625954589 245 2.8378907892601113E-4 0.0015335625954588927
0.49862979761485215 0.500523337295021 246 0.001370202385147845 5.233372950209647E-4
0.49936697337157354 0.49838760362746404 247 6.330266284264585E-4 0.0016123963725359625
0.5004501310167887 0.5001611558461081 248 4.501310167887018E-4 1.611558461080964E-4
0.49967611399651357 0.5002169039909146 249 3.238860034864288E-4 2.1690399091456314E-4
0.5002320985245711 0.5005773501952483 250 2.3209852457106717E-4 5.77350195248294E-4
0.49926134771970654 0.49839509854874 251 7.386522802934614E-4 0.0016049014512600213
0.5007252748229846 0.501643663854348 252 7.252748229845674E-4 0.0016436638543479987
0.5005986249553486 0.5002715177764472 253 5.986249553485701E-4 2.715177764471832E-4
0.5002777015466198 0.5004266878179193 254 2.7770154661976854E-4 4.2668781791932453E-4
0.49940800459144985 0.5002908917841659 255 5.9199540855015E-4 2.908917841658587E-4
0.4999798390889324 0.5012998851278694 256 2.016091106760154E-5 0.0012998851278693824
0.49912062071849594 0.5017945489085665 257 8.793792815040558E-4 0.0017945489085664512
0.4985238809554965 0.5012062066894439 258 0.00147611904450351 0.0012062066894439338
0.5020835908678506 0.5032253689893207 259 0.0020835908678505932 0.003225368989320687
0.5000414159720251 0.49949781364231044 260 4.1415972025116154E-5 5.021863576895602E-4
0.5026989385850895 0.4994663046452697 261 0.0026989385850895165 5.336953547303014E-4
0.5007969851575687 0.5004646132815574 262 7.969851575686526E-4 4.6461328155744663E-4
0.4998865436570759 0.5004293981061886 263 1.1345634292408979E-4 4.293981061885832E-4
0.4984164745567709 0.5002865175261355 264 0.0015835254432290946 2.865175261355102E-4
0.49916138580233443 0.5005578987223079 265 8.386141976655659E-4 5.578987223079368E-4
0.49843815188790874 0.4996984633664644 266 0.0015618481120912575 3.01536633535604E-4
0.5018814049952703 0.5002569687595757 267 0.0018814049952703416 2.569687595757042E-4
0.5000407764107522 0.500715767589613 268 4.077641075217464E-5 7.157675896130034E-4
0.5000333423343939 0.5003812154451813 269 3.3342334393893225E-5 3.8121544518132655E-4
0.4983624993072909 0.49914479392881833 270 0.0016375006927091262 8.552060711816689E-4
0.5015012909719845 0.5009414048984191 271 0.0015012909719844814 9.414048984190959E-4
0.49794683789052274 0.4996880595252193 272 0.002053162109477258 3.119404747807253E-4
0.5006989339722779 0.5011583750938596 273 6.989339722779375E-4 0.0011583750938596316
0.5020074595091508 0.499290147529907 274 0.002007459509150822 7.098524700929754E-4
0.5004955804666615 0.4997544763811132 275 4.955804666615382E-4 2.455236188868004E-4
0.5002914985388537 0.5005911189862648 276 2.9149853885368504E-4 5.911189862648492E-4
0.49965373431324894 0.49961620409154694 277 3.462656867510572E-4 3.837959084530551E-4
0.5017005824132983 0.5004014695198205 278 0.0017005824132982905 4.014695198204521E-4
0.49965713564693215 0.5002443272620823 279 3.42864353067851E-4 2.4432726208234445E-4
0.4985581209111259 0.4994395373308053 280 0.0014418790888741095 5.604626691946835E-4
0.4995162196389044 0.49899494445636844 281 4.837803610955871E-4 0.0010050555436315611
0.4996321978897338 0.5007838959742701 282 3.6780211026621323E-4 7.83895974270088E-4
0.49893603365524514 0.4988698329807614 283 0.001063966344754863 0.001130167019238626
0.49979508976548526 0.5007201558945982 284 2.0491023451474355E-4 7.201558945981734E-4
0.4997907763655277 0.5003097103239441 285 2.0922363447228864E-4 3.0971032394411235E-4
0.5008491456219538 0.5008463870689125 286 8.491456219538174E-4 8.463870689124908E-4
0.5017308195611312 0.5009437208440123 287 0.0017308195611311916 9.437208440122857E-4
0.5008090672823423 0.4992620507281542 288 8.090672823423128E-4 7.379492718457836E-4
0.4999726625727167 0.49973442499797965 289 2.733742728328048E-5 2.6557500202034623E-4
0.500313771934136 0.49989710817791827 290 3.137719341359535E-4 1.0289182208172987E-4
0.49929868993791415 0.5009084990752859 291 7.01310062085847E-4 9.084990752858957E-4
0.4986814465793044 0.49834805131895044 292 0.0013185534206955896 0.0016519486810495643
0.5007452533842192 0.5014596304060095 293 7.452533842191578E-4 0.0014596304060094933
0.4990284324848817 0.49991797937193455 294 9.715675151182879E-4 8.202062806544896E-5
0.5007873745824737 0.4996612415953065 295 7.873745824736877E-4 3.387584046934955E-4
0.49962835733041616 0.4979032175882051 296 3.716426695838382E-4 0.0020967824117948952
0.4991963960730616 0.5010794025282249 297 8.03603926938401E-4 0.0010794025282249153
0.5012385690514737 0.5003923136253825 298 0.0012385690514736813 3.9231362538250103E-4
0.49999780037258373 0.5014194739522371 299 2.1996274162661145E-6 0.0014194739522370714
0.4989306752475262 0.49948527032601947 300 0.0010693247524737881 5.147296739805296E-4
0.49874468394886673 0.5017798438534722 301 0.0012553160511332706 0.001779843853472185
0.5006290410543095 0.4999088707738037 302 6.290410543094982E-4 9.112922619630703E-5
0.498733173694707 0.5001903415355408 303 0.0012668263052930118 1.9034153554076116E-4
0.5012617354786137 0.49927251785099575 304 0.0012617354786137458 7.274821490042549E-4
0.4988722110885172 0.5011926954061089 305 0.0011277889114827966 0.0011926954061088901
0.5002277470130511 0.5000790928046202 306 2.277470130510606E-4 7.909280462015111E-5
0.5005811893115379 0.5008883971066193 307 5.811893115379441E-4 8.883971066192542E-4
0.5007354045226751 0.4996996641148203 308 7.35404522675065E-4 3.0033588517969223E-4
0.49899874446977205 0.4992846172842486 309 0.0010012555302279513 7.153827157513892E-4
0.4998506386314217 0.5003933824382318 310 1.4936136857829352E-4 3.933824382318374E-4
0.49976978639275926 0.5001527109528783 311 2.302136072407368E-4 1.5271095287827663E-4
0.5006568427853105 0.4987436497353551 312 6.568427853105296E-4 0.0012563502646448788
0.5004814635313203 0.49977374939373614 313 4.8146353132028086E-4 2.2625060626385585E-4
0.5000365383923676 0.5006023291459099 314 3.653839236761325E-5 6.023291459098523E-4
0.4992528025937956 0.49916233813740263 315 7.471974062043807E-4 8.37661862597372E-4
0.4999208065491366 0.5005277841153446 316 7.919345086337959E-5 5.277841153445983E-4
0.49988023903533757 0.49913074608259567 317 1.197609646624298E-4 8.692539174043334E-4
0.4997820732872927 0.5003530530374513 318 2.17926712707317E-4 3.530530374512564E-4
0.49983840988349293 0.49893098856084367 319 1.61590116507071E-4 0.001069011439156331
0.5006491166458786 0.5006355754368511 320 6.491166458786335E-4 6.355754368511102E-4
0.500208473796946 0.5000287340888653 321 2.08473796945996E-4 2.873408886527873E-5
0.501414031522644 0.49969875353380927 322 0.001414031522643966 3.012464661907299E-4
0.4987828462113483 0.4988804881131499 323 0.0012171537886517259 0.0011195118868501108
0.4994456804480427 0.49826378066304605 324 5.54319551957283E-4 0.001736219336953948
0.49916575914160977 0.5004062329088677 325 8.342408583902339E-4 4.062329088676542E-4
0.4985985944834603 0.49959237272199103 326 0.0014014055165397221 4.076272780089707E-4
0.5006160276162318 0.4989827299901194 327 6.160276162318068E-4 0.001017270009880611
0.4998637410310499 0.4995698719889723 328 1.3625896895008704E-4 4.3012801102770837E-4
0.4989411958109177 0.4989017219242716 329 0.0010588041890822741 0.001098278075728376
0.5004268447227808 0.5012890380986532 330 4.2684472278076147E-4 0.0012890380986532168
0.5005945716965262 0.5004380434962168 331 5.945716965262138E-4 4.3804349621678895E-4
0.49903297354360754 0.4999301167411529 332 9.670264563924613E-4 6.988325884710322E-5
0.5006708170099058 0.49935221720802603 333 6.708170099057886E-4 6.47782791973972E-4
0.49940194999103316 0.49930438349354467 334 5.980500089668439E-4 6.956165064553321E-4
0.49965321356082176 0.5008143981590826 335 3.4678643917823715E-4 8.143981590825744E-4
0.500476551377907 0.5010157659367747 336 4.765513779070307E-4 0.0010157659367746597
0.5007372208717504 0.4981908710229656 337 7.372208717504325E-4 0.001809128977034391
0.49967117305094716 0.49727789274683293 338 3.288269490528406E-4 0.002722107253167072
0.5005536696979296 0.49998850600702877 339 5.536696979295819E-4 1.1493992971234324E-5
0.4993565532269126 0.4998375480785362 340 6.434467730874194E-4 1.6245192146380205E-4
0.4996369907191332 0.5007026759065593 341 3.630092808667995E-4 7.02675906559258E-4
0.49988812995788523 0.5007515084661499 342 1.1187004211477003E-4 7.515084661499083E-4
0.4998030609799547 0.4987318182456655 343 1.9693902004530583E-4 0.0012681817543345186
0.5004926105758005 0.4993070124215689 344 4.926105758005228E-4 6.929875784311146E-4
0.50050203513346 0.49911825407267846 345 5.020351334600326E-4 8.817459273215422E-4
0.5013035547314384 0.5007763107207409 346 0.0013035547314383944 7.763107207409137E-4
0.49951872890908156 0.49972410704719616 347 4.812710909184448E-4 2.7589295280383563E-4
0.49953116194828684 0.49901376701098227 348 4.6883805171316073E-4 9.862329890177324E-4
0.500422250427611 0.4991190359077257 349 4.2225042761101506E-4 8.809640922742834E-4
0.5001329948990434 0.5003364053411383 350 1.3299489904339268E-4 3.364053411383239E-4
0.5002816463076754 0.49823156488946185 351 2.816463076753539E-4 0.0017684351105381468
0.5008203611579658 0.5008612983189599 352 8.203611579657988E-4 8.612983189598689E-4
0.5011946447208379 0.5021875139174712 353 0.0011946447208378563 0.0021875139174711844
0.49947466707294386 0.49910882216503655 354 5.253329270561435E-4 8.911778349634525E-4
0.5004962653311149 0.498584163487176 355 4.96265331114909E-4 0.0014158365128240091
0.4998774688319606 0.5000104529251373 356 1.22531168039397E-4 1.0452925137349744E-5
0.4978311111775603 0.5013421821039751 357 0.0021688888224397074 0.0013421821039750759
0.4993097968566222 0.4995536469230037 358 6.9020314337781E-4 4.4635307699630866E-4
0.5008981557540172 0.4997378358324403 359 8.981557540171936E-4 2.621641675596975E-4
0.5004806852003025 0.4995298781596403 360 4.8068520030253303E-4 4.7012184035971627E-4
0.49979724810642673 0.49861901771524864 361 2.0275189357327195E-4 0.0013809822847513642
0.5006511112507854 0.4993731181762772 362 6.5111125078543E-4 6.268818237227802E-4
0.5005652736763703 0.5009690845645953 363 5.652736763702704E-4 9.690845645953239E-4
0.5000672801718665 0.5000466482746874 364 6.728017186652391E-5 4.664827468736643E-5
0.49870357350869565 0.5005220987790862 365 0.0012964264913043477 5.220987790861553E-4
0.49951773941615807 0.5010312789873396 366 4.822605838419314E-4 0.0010312789873395678
0.5004951757529861 0.5001692378627698 367 4.951757529860767E-4 1.692378627697888E-4
0.5008397799007085 0.4997115846861818 368 8.397799007084927E-4 2.8841531381818E-4
0.5010205238190873 0.49811971254809717 369 0.001020523819087349 0.001880287451902829
0.4990451055624054 0.49897480673078864 370 9.548944375946111E-4 0.0010251932692113552
0.5012869557968375 0.4997395270448371 371 0.0012869557968374634 2.604729551629048E-4
0.5001743086823022 0.49975648832733344 372 1.7430868230217111E-4 2.4351167266656315E-4
0.5011970537596756 0.4992475530385225 373 0.0011970537596756037 7.524469614775264E-4
0.5009637733898326 0.49871241801724064 374 9.637733898325562E-4 0.001287581982759356
0.5008402197127483 0.500330630665465 375 8.402197127482802E-4 3.3063066546501485E-4
0.500913336683433 0.5005510941852174 376 9.133366834329637E-4 5.510941852173712E-4
0.5006401776116958 0.5007422833996226 377 6.401776116957691E-4 7.422833996225675E-4
0.4999064043467441 0.49929218891834337 378 9.35956532558957E-5 7.078110816566285E-4
0.5007969747050223 0.500501649442312 379 7.969747050222686E-4 5.016494423120132E-4
0.49866063092616686 0.4997038579901388 380 0.001339369073833141 2.961420098612222E-4
0.4985378935342945 0.5016686598031037 381 0.0014621064657054927 0.0016686598031037114
0.4992366374052143 0.4994307239085408 382 7.633625947857103E-4 5.69276091459181E-4
0.5002039017106195 0.49926328682894777 383 2.039017106194585E-4 7.367131710522279E-4
0.4998862899867822 0.5001282455910876 384 1.1371001321780483E-4 1.282455910875946E-4
0.5009008011648461 0.4986226713242221 385 9.008011648461434E-4 0.001377328675777889
0.49956418179952833 0.49878114308211685 386 4.358182004716715E-4 0.0012188569178831488
0.4993883628390777 0.5005627384645935 387 6.116371609222737E-4 5.627384645935374E-4
0.5000848147377669 0.5005181688499604 388 8.481473776689175E-5 5.181688499603654E-4
0.5006099496613818 0.5013238514970021 389 6.099496613818367E-4 0.0013238514970020931
0.4994642212171592 0.49827763814816456 390 5.35778782840779E-4 0.001722361851835441
0.49978267695600986 0.5016523905942015 391 2.1732304399013636E-4 0.001652390594201525
0.49899452311586845 0.49977543336504865 392 0.001005476884131551 2.2456663495135087E-4
0.4996124649285437 0.4979537030264121 393 3.8753507145627974E-4 0.00204629697358788
0.4997213180195103 0.5015968755262841 394 2.786819804896923E-4 0.0015968755262840695
0.49934602569644637 0.5003692059867723 395 6.539743035536283E-4 3.692059867722586E-4
0.5001543387627632 0.5005096958241307 396 1.5433876276316205E-4 5.096958241307403E-4
0.5005678237642449 0.4987017618175371 397 5.678237642449124E-4 0.0012982381824628852
0.498268125379217 0.49942467075510816 398 0.0017318746207830027 5.753292448918423E-4
0.499874270954891 0.5016172181934171 399 1.2572904510899097E-4 0.0016172181934170915
0.49955267581963775 0.499670795575726 400 4.4732418036225186E-4 3.2920442427397667E-4
0.5004717323843725 0.5005596626378441 401 4.717323843724808E-4 5.596626378441272E-4
0.5021777624681052 0.5000927999720736 402 0.0021777624681051932 9.279997207356505E-5
0.5017244437824323 0.49875551234393445 403 0.0017244437824323056 0.0012444876560655516
0.5004725516015854 0.49903970100258777 404 4.7255160158543585E-4 9.602989974122345E-4
0.499852151646338 0.5006493897533059 405 1.4784835366199456E-4 6.493897533058623E-4
0.500324856501662 0.5001181663981902 406 3.2485650166202973E-4 1.1816639819017816E-4
0.49965105907069374 0.4995420817519367 407 3.4894092930626286E-4 4.5791824806329373E-4
0.49978262672372076 0.4999041251921187 408 2.173732762792424E-4 9.58748078813132E-5
0.5017001956573933 0.5018462115549499 409 0.001700195657393322 0.0018462115549499059
0.5003449076529195 0.4992523080735193 410 3.4490765291950165E-4 7.476919264807202E-4
0.5001379686352034 0.4987924561972947 411 1.3796863520343372E-4 0.0012075438027053242
0.49983320728515807 0.4974750021093566 412 1.6679271484193459E-4 0.002524997890643421
0.500107279580844 0.5003537885265497 413 1.0727958084399969E-4 3.5378852654965876E-4
0.5000909584413031 0.5007830353080452 414 9.095844130313502E-5 7.830353080452435E-4
0.501233304439879 0.5006826436940006 415 0.0012333044398790127 6.826436940006175E-4
0.4996433919003981 0.499133631390651 416 3.566080996019183E-4 8.663686093490219E-4
0.5005677451629034 0.4995628685822115 417 5.677451629033659E-4 4.371314177885055E-4
0.5020305861637954 0.5011125467536592 418 0.002030586163795367 0.0011125467536592382
0.49960444014449595 0.5009328075853408 419 3.9555985550404626E-4 9.328075853407558E-4
0.5007065172787846 0.5009176576792912 420 7.065172787845686E-4 9.17657679291195E-4
0.4999396563509314 0.5003199862974071 421 6.034364906859491E-5 3.199862974071488E-4
0.49992628451803944 0.50110758266971 422 7.371548196055677E-5 0.0011075826697100055
0.5015079164764764 0.5001448143492664 423 0.001507916476476412 1.448143492663867E-4
0.49943983657113095 0.5017450140676835 424 5.601634288690538E-4 0.0017450140676834591
0.501226037918318 0.5000237273510558 425 0.0012260379183179904 2.3727351055824464E-5
0.49925306025049054 0.49943628802256484 426 7.469397495094565E-4 5.637119774351551E-4
0.5000725840098394 0.49795322303796213 427 7.258400983944924E-5 0.002046776962037866
0.4993489771142132 0.5001960923508945 428 6.510228857867784E-4 1.960923508944612E-4
0.4986490256941047 0.5006198326814368 429 0.0013509743058953139 6.198326814368382E-4
0.5010981627737845 0.500242880164574 430 0.0010981627737844946 2.4288016457396644E-4
0.5003041075409888 0.49962317729935535 431 3.041075409887517E-4 3.768227006446523E-4
0.49998349495105976 0.5009292753545583 432 1.650504894024074E-5 9.292753545583343E-4
0.5006545605643962 0.4995252078684697 433 6.545605643961672E-4 4.747921315302883E-4
0.5011698725675559 0.5001721385208137 434 0.001169872567555852 1.7213852081365832E-4
0.49915399238520874 0.5010275945868321 435 8.460076147912554E-4 0.0010275945868321035
0.5012277407772335 0.5002211282608103 436 0.0012277407772335325 2.2112826081033266E-4
0.49867776895797766 0.5019541057441615 437 0.001322231042022337 0.0019541057441615495
0.4991268080430318 0.49797165324959075 438 8.731919569682223E-4 0.002028346750409249
0.5002027331185872 0.49969496955190423 439 2.027331185872061E-4 3.050304480957666E-4
0.4994114769983933 0.4984795195458433 440 5.885230016067222E-4 0.001520480454156703
0.5007935428079107 0.49854883792566934 441 7.935428079106632E-4 0.0014511620743306586
0.5009002287069219 0.49968938237967625 442 9.002287069218573E-4 3.1061762032374984E-4
0.49877909892117966 0.4986936429723414 443 0.0012209010788203356 0.0013063570276585779
0.5007330353769345 0.498659776617725 444 7.330353769344766E-4 0.0013402233822750187
0.5003486612676704 0.499859044410736 445 3.486612676704137E-4 1.4095558926402463E-4
0.4989109731003454 0.5014099156291024 446 0.0010890268996546215 0.0014099156291024206
0.49975126600011444 0.5019878819646714 447 2.487339998855642E-4 0.0019878819646713675
0.499431528542968 0.5012231783386162 448 5.684714570319827E-4 0.001223178338616182
0.500151768436116 0.5009566300234299 449 1.5176843611597324E-4 9.566300234299385E-4
0.49947165674403105 0.4993815643306487 450 5.283432559689549E-4 6.184356693513249E-4
0.5008431155147276 0.4998944595571337 451 8.431155147275993E-4 1.0554044286631425E-4
0.4982180887687028 0.5013428062976231 452 0.001781911231297173 0.001342806297623067
0.49973445220341817 0.4983083353870948 453 2.6554779658183314E-4 0.0016916646129052082
0.4988507361113614 0.4999584211577853 454 0.0011492638886386186 4.157884221467345E-5
0.49923046593273757 0.4994002891861544 455 7.69534067262434E-4 5.997108138455776E-4
0.49956423232344743 0.4997180354371377 456 4.3576767655256754E-4 2.819645628622802E-4
0.49992733595133027 0.500298446180592 457 7.266404866973497E-5 2.984461805920491E-4
0.4999264174385743 0.49889956888249326 458 7.358256142570019E-5 0.0011004311175067394
0.5005529901680597 0.4999824743983736 459 5.529901680596527E-4 1.7525601626378062E-5
0.498961897183267 0.501894077439005 460 0.0010381028167329998 0.0018940774390050485
0.49953235778251204 0.49929139062978706 461 4.676422174879624E-4 7.086093702129426E-4
0.49969866750811653 0.4990708919904971 462 3.013324918834659E-4 9.291080095029103E-4
0.5010587304541814 0.4995259194114391 463 0.001058730454181367 4.7408058856091007E-4
0.4998302599023471 0.4996629123598215 464 1.697400976529151E-4 3.370876401784795E-4
0.4998518357474009 0.4994078342515064 465 1.4816425259911448E-4 5.921657484935783E-4
0.5001323616292354 0.499789089605677 466 1.3236162923535577E-4 2.1091039432302727E-4
0.5006378049923494 0.4992857992243215 467 6.378049923494444E-4 7.142007756785196E-4
0.5002120509439179 0.4987832112447976 468 2.1205094391785195E-4 0.0012167887552024248
0.500179010753667 0.4999854741889052 469 1.7901075366699715E-4 1.4525811094789898E-5
0.5006455228288087 0.4999515753071587 470 6.455228288086978E-4 4.842469284127571E-5
0.4996958293111494 0.5006837064799298 471 3.041706888505802E-4 6.837064799297687E-4
0.5002596416996627 0.49937288569778837 472 2.596416996627493E-4 6.271143022116288E-4
0.5003633791593232 0.49960570759394113 473 3.633791593231628E-4 3.942924060588715E-4
0.500074128153313 0.49913006844565216 474 7.412815331298006E-5 8.699315543478359E-4
0.4996823945645042 0.49988522059179924 475 3.1760543549580467E-4 1.1477940820076027E-4
0.5004913995304214 0.49998625732931445 476 4.913995304214325E-4 1.374267068554591E-5
0.50034529508888 0.49851973947891337 477 3.452950888800377E-4 0.0014802605210866293
0.4997169375661598 0.4989298746044796 478 2.830624338401866E-4 0.001070125395520427
0.49916694667716976 0.49957175015134225 479 8.33053322830235E-4 4.2824984865774685E-4
0.5003691054290055 0.500319972641803 480 3.691054290054785E-4 3.199726418029458E-4
0.4992928628651351 0.5001382870658255 481 7.071371348649214E-4 1.382870658255264E-4
0.4998391351643634 0.5021979421513614 482 1.6086483563659826E-4 0.002197942151361376
0.4991408896314945 0.49827751094194306 483 8.591103685055002E-4 0.0017224890580569419
0.49980286361888493 0.5001058916567781 484 1.971363811150706E-4 1.0589165677810097E-4
0.5009675238691844 0.5015572440100154 485 9.675238691844168E-4 0.001557244010015446
0.49959431433909646 0.5000309661494716 486 4.056856609035431E-4 3.0966149471622906E-5
0.4985721480626691 0.5008993459590155 487 0.001427851937330915 8.993459590155295E-4
0.5008383690184688 0.49960566014730723 488 8.383690184687875E-4 3.9433985269277105E-4
0.5001505258735135 0.49908507395499924 489 1.5052587351349622E-4 9.149260450007635E-4
0.500770040852555 0.5014119057020965 490 7.700408525550539E-4 0.0014119057020964831
0.4992962424485318 0.5005971551401261 491 7.03757551468176E-4 5.971551401261488E-4
0.4977911718387541 0.5005716335957722 492 0.0022088281612459015 5.716335957721697E-4
0.4989523380567576 0.5007303578669259 493 0.0010476619432424061 7.303578669258792E-4
0.4989508303904704 0.5001723234885456 494 0.00104916960952961 1.7232348854556712E-4
0.49832544961955527 0.4980516436912271 495 0.0016745503804447281 0.0019483563087728806
0.5004678489218453 0.4991542873113399 496 4.678489218452597E-4 8.457126886601274E-4
0.49989486336306693 0.49950969057553984 497 1.0513663693306752E-4 4.903094244601558E-4
0.5010829881233594 0.4983023350837804 498 0.0010829881233593852 0.0016976649162195878
0.500699041881701 0.5000329887649992 499 6.990418817010013E-4 3.298876499924219E-5
0.501162467986939 0.5008256428863287 500 0.0011624679869389754 8.256428863286924E-4
0.4988369532035609 0.4998044010396834 501 0.0011630467964390823 1.9559896031662305E-4
0.4996572754146435 0.5012892354935515 502 3.4272458535650197E-4 0.0012892354935515327
0.49970894555066037 0.5002630303407231 503 2.9105444933963387E-4 2.630303407230583E-4
0.49917177640508614 0.500570421090281 504 8.282235949138572E-4 5.70421090281048E-4
0.500510316263164 0.5001410177674332 505 5.103162631640012E-4 1.4101776743324912E-4
0.5001747457941628 0.4991792926352883 506 1.7474579416276725E-4 8.207073647116814E-4
0.4991857332528979 0.5008576424194666 507 8.142667471021103E-4 8.576424194666199E-4
0.4986226284270271 0.5013188236950027 508 0.0013773715729729075 0.001318823695002691
0.501780083957862 0.5007151479053313 509 0.0017800839578619998 7.15147905331337E-4
0.49944263192452554 0.49847601630151556 510 5.573680754744625E-4 0.0015239836984844435
0.49922348479741896 0.49984770623989505 511 7.765152025810407E-4 1.52293760104949E-4
0.49881596070773293 0.49961515150104036 512 0.0011840392922670695 3.8484849895964457E-4
0.5006910879857469 0.4971313706360689 513 6.910879857469077E-4 0.002868629363931119
0.5001598786803252 0.49969478677451845 514 1.5987868032518726E-4 3.052132254815487E-4
0.49948009221479633 0.4982684246601762 515 5.19907785203666E-4 0.001731575339823821
0.49964852198844434 0.4986228681139006 516 3.514780115556615E-4 0.001377131886099392
0.5005526993942353 0.49906566903979516 517 5.526993942353009E-4 9.343309602048433E-4
0.49975619420809225 0.5006941399870393 518 2.4380579190774743E-4 6.941399870392662E-4
0.500091190308681 0.5009557223707183 519 9.119030868098843E-5 9.557223707182816E-4
0.500922966902732 0.5004091327446004 520 9.229669027319698E-4 4.091327446004156E-4
0.501419865397288 0.4989937286690527 521 0.0014198653972880004 0.0010062713309472726
0.49963731176287407 0.5001573487671869 522 3.626882371259299E-4 1.5734876718687119E-4
0.4998461459667115 0.4995774178866546 523 1.538540332884919E-4 4.225821133453933E-4
0.49974885510387324 0.4983538583942107 524 2.5114489612676483E-4 0.0016461416057892975
0.50130007852434 0.49890740404214806 525 0.0013000785243399982 0.0010925959578519384
0.4993992548398519 0.49975428119033005 526 6.007451601480751E-4 2.457188096699481E-4
0.5001959145701933 0.5012651118640958 527 1.9591457019330072E-4 0.0012651118640958359
0.49862596893462474 0.5002291284942876 528 0.0013740310653752585 2.291284942875782E-4
0.49929669195037896 0.5001748769048953 529 7.033080496210431E-4 1.748769048952603E-4
0.5002181663829713 0.49954152335086777 530 2.1816638297134094E-4 4.584766491322334E-4
0.5016755881351204 0.49960887425800443 531 0.001675588135120365 3.9112574199556827E-4
0.4999262337942332 0.5007907675794682 532 7.376620576682313E-5 7.907675794681657E-4
0.4999342403564279 0.49998691224029956 533 6.575964357208308E-5 1.3087759700436408E-5
0.4995535463493986 0.5010667744448332 534 4.464536506014194E-4 0.0010667744448331629
0.5009594721888525 0.49901179141407104 535 9.59472188852506E-4 9.882085859289624E-4
0.5013928411751577 0.49973731214007006 536 0.0013928411751576997 2.6268785992994426E-4
0.4993839934096365 0.5010244770485827 537 6.160065903634826E-4 0.0010244770485826615
0.49969793885356223 0.5016990490243544 538 3.0206114643777093E-4 0.00169904902435436
0.49932072084644963 0.49841508166073895 539 6.792791535503717E-4 0.0015849183392610544
0.5008241683376017 0.5007593269225517 540 8.241683376016828E-4 7.593269225516508E-4
0.5002754430316926 0.501440675473737 541 2.7544303169257933E-4 0.001440675473737052
0.49944664928981547 0.49987501533822293 542 5.533507101845303E-4 1.2498466177707224E-4
0.5007544731123159 0.49897534180836994 543 7.544731123159121E-4 0.0010246581916300568
0.4999643037555526 0.49908548093691674 544 3.569624444738073E-5 9.145190630832634E-4
0.5001354714209986 0.5000904283348647 545 1.3547142099856746E-4 9.042833486472279E-5
0.49848162478034763 0.5000770875592963 546 0.001518375219652368 7.708755929625166E-5
0.49717364343719833 0.5004015411639933 547 0.0028263565628016685 4.0154116399326867E-4
0.5008948756861697 0.5019034855492991 548 8.948756861697493E-4 0.0019034855492990888
0.5005735523180376 0.5003313473203228 549 5.735523180375734E-4 3.3134732032280567E-4
0.4999816537450278 0.49981989647769826 550 1.8346254972212428E-5 1.8010352230174442E-4
0.5003014246555219 0.5000553583204522 551 3.014246555218536E-4 5.535832045222566E-5
0.5015566390393082 0.5018492383862113 552 0.0015566390393082497 0.001849238386211316
0.5016615257731385 0.49938620247555576 553 0.0016615257731384947 6.137975244442373E-4
0.499003050799235 0.4990144499003201 554 9.96949200764985E-4 9.855500996798772E-4
0.500395844063818 0.5011530974015818 555 3.95844063817985E-4 0.0011530974015817597
0.4992538529064698 0.49873889700615504 556 7.461470935302139E-4 0.0012611029938449647
0.5003369703309918 0.4995699273959917 557 3.3697033099178153E-4 4.300726040082914E-4
0.500967386850123 0.5014778608803314 558 9.673868501229865E-4 0.0014778608803314164
0.5005397666445213 0.4990137990920141 559 5.397666445212668E-4 9.862009079859013E-4
0.4991434130246343 0.49969384044002285 560 8.565869753657251E-4 3.061595599771483E-4
0.5001156952453287 0.5000524869243541 561 1.1569524532872855E-4 5.248692435411151E-5
0.49989266116805675 0.4992572488287012 562 1.0733883194324889E-4 7.427511712987944E-4
0.49875677664189944 0.4988868130672254 563 0.0012432233581005647 0.0011131869327746235
0.5008441331173412 0.5007981764007564 564 8.44133117341217E-4 7.981764007564118E-4
0.5000848902145818 0.5004060641502431 565 8.48902145818009E-5 4.06064150243135E-4
0.50148468390972 0.5007094718402034 566 0.0014846839097200082 7.094718402034239E-4
0.5004237629165916 0.49853844392821345 567 4.237629165916301E-4 0.0014615560717865517
0.500250396911934 0.49909137887947225 568 2.5039691193395885E-4 9.086211205277528E-4
0.5011113350497339 0.5002253584512852 569 0.0011113350497339303 2.2535845128524024E-4
0.49882094564068885 0.5003903229907382 570 0.001179054359311149 3.903229907381567E-4
0.5004651486699415 0.5005906462211902 571 4.651486699415175E-4 5.906462211902053E-4
0.5004691874014604 0.5003339065232404 572 4.691874014604025E-4 3.339065232403904E-4
0.500986907736356 0.49892082706764784 573 9.86907736356013E-4 0.001079172932352157
0.5013758236648829 0.502018809943584 574 0.0013758236648828692 0.0020188099435840545
0.4999540247282706 0.500836545740542 575 4.597527172939264E-5 8.365457405420385E-4
0.49962508021280816 0.4988889329885174 576 3.749197871918408E-4 0.0011110670114826138
0.5000710587871304 0.500696139681055 577 7.105878713042912E-5 6.961396810549747E-4
0.4994287953353305 0.4998060600181514 578 5.71204664669478E-4 1.9393998184857875E-4
0.5009373871404005 0.5014908315749647 579 9.373871404004808E-4 0.0014908315749646572
0.5002941914391181 0.5012297338800771 580 2.9419143911812995E-4 0.0012297338800770774
0.5012547723477248 0.5005497662906294 581 0.001254772347724753 5.497662906294165E-4
0.4992812032331909 0.5010092978580406 582 7.187967668090822E-4 0.0010092978580406031
0.4986386981353438 0.5003755359099429 583 0.001361301864656217 3.755359099428812E-4
0.5012099892545525 0.5000971821870792 584 0.0012099892545525126 9.718218707921444E-5
0.5008728223559235 0.4982345056884719 585 8.728223559234527E-4 0.0017654943115281152
0.5004033265203275 0.499915444564621 586 4.0332652032748495E-4 8.455543537899679E-5
0.49952498740228185 0.5008291183914252 587 4.7501259771814963E-4 8.291183914251876E-4
0.500961679706579 0.4996065893382003 588 9.616797065790106E-4 3.9341066179970907E-4
0.5001023019411176 0.5006268169683219 589 1.023019411175996E-4 6.268169683218971E-4
0.5000604462326347 0.5008359842025468 590 6.0446232634681074E-5 8.359842025468245E-4
0.4995702060039524 0.5000139980025917 591 4.297939960475894E-4 1.3998002591719683E-5
0.5016548233988801 0.4979351740972566 592 0.001654823398880123 0.0020648259027433724
0.501584108437525 0.5002072258610748 593 0.0015841084375249892 2.0722586107480012E-4
0.49909479265375906 0.5013006375147107 594 9.052073462409438E-4 0.0013006375147106564
0.5009021083614381 0.49951326301510257 595 9.021083614381142E-4 4.86736984897429E-4
0.4988672182797703 0.4994146581027051 596 0.0011327817202296808 5.85341897294922E-4
0.4998459174069396 0.5006589036230942 597 1.5408259306037841E-4 6.589036230941758E-4
0.49980059178548664 0.5004421682304881 598 1.9940821451336355E-4 4.4216823048814913E-4
0.4997052971921464 0.5000496758262509 599 2.9470280785359737E-4 4.967582625092781E-5
0.49885672419014326 0.5000911485926154 600 0.0011432758098567364 9.114859261538655E-5
0.5005475430895135 0.4992017903462274 601 5.475430895135469E-4 7.982096537725858E-4
0.49736188273917153 0.4994376776072071 602 0.0026381172608284653 5.623223927929133E-4
0.5005927759628723 0.5032627644499279 603 5.927759628723273E-4 0.003262764449927902
0.5002896612900299 0.4977779181609503 604 2.896612900299411E-4 0.0022220818390497055
0.5001370917608184 0.49993911606936287 605 1.3709176081844188E-4 6.088393063713449E-5
0.4986619093575158 0.5000329550532338 606 0.001338090642484191 3.295505323375192E-5
0.5009236204389862 0.4989094393849909 607 9.236204389861946E-4 0.0010905606150091174
0.49937510569993143 0.500118076804003 608 6.24894300068568E-4 1.180768040029978E-4
0.49943943771251686 0.4996905473568005 609 5.605622874831351E-4 3.094526431994815E-4
0.49939889390296943 0.498875232745528 610 6.011060970305682E-4 0.0011247672544720255
0.5000290975599164 0.5032723823465408 611 2.9097559916424487E-5 0.003272382346540814
0.5005339154944417 0.5008457092792796 612 5.339154944417057E-4 8.457092792796272E-4
0.49966295101419045 0.5015566802919277 613 3.3704898580955156E-4 0.0015566802919276812
0.5004316667035663 0.5002818942098737 614 4.3166670356631354E-4 2.8189420987367875E-4
0.5005843827088814 0.49983098929831593 615 5.843827088813924E-4 1.6901070168406918E-4
0.4997576280769445 0.4999375117906869 616 2.4237192305548438E-4 6.248820931309407E-5
0.4992333944121565 0.49839610205784746 617 7.666055878435274E-4 0.0016038979421525434
0.49959487019926246 0.500337265146998 618 4.051298007375359E-4 3.3726514699794485E-4
0.49934993602458594 0.499481968730828 619 6.500639754140614E-4 5.180312691719924E-4
0.499262394519256 0.49935629301072987 620 7.376054807439747E-4 6.437069892701319E-4
0.5002689844708077 0.500406119821181 621 2.6898447080769827E-4 4.0611982118099466E-4
0.49787656925425355 0.5003990394498894 622 0.0021234307457464463 3.9903944988939344E-4
0.4987267738970261 0.50017475236123 623 0.0012732261029739234 1.747523612299906E-4
0.5007765887449045 0.5006135333158909 624 7.765887449044939E-4 6.135333158908685E-4
0.4999384712375414 0.4973628438582681 625 6.152876245857364E-5 0.002637156141731878
0.49978857461722437 0.4993223144968541 626 2.1142538277563183E-4 6.776855031458973E-4
0.499869508389011 0.4998276224726787 627 1.3049161098899198E-4 1.7237752732129907E-4
0.5012331045561167 0.49923343317424856 628 0.0012331045561166931 7.665668257514358E-4
0.500169845876427 0.5000183328424144 629 1.6984587642698834E-4 1.8332842414370276E-5
0.49830866779999944 0.5011101315377826 630 0.0016913322000005615 0.0011101315377826104
0.4995782509419376 0.4997223326724068 631 4.2174905806241503E-4 2.776673275932118E-4
0.5010951051724906 0.500372528838355 632 0.0010951051724905625 3.7252883835503514E-4
0.4996802088587897 0.4984932373286462 633 3.197911412102794E-4 0.0015067626713538007
0.4996898037870745 0.5010320935239876 634 3.101962129254954E-4 0.0010320935239875872
0.5015187992277061 0.4995724101003076 635 0.0015187992277061468 4.2758989969238215E-4
0.5004453641045082 0.4993609656791296 636 4.4536410450823904E-4 6.390343208704241E-4
0.4996244879791512 0.5003220568346229 637 3.7551202084878943E-4 3.220568346229413E-4
0.4988440232749203 0.4997768466334934 638 0.0011559767250797215 2.231533665065788E-4
0.5003874690035034 0.4997868399296645 639 3.874690035033934E-4 2.1316007033550521E-4
0.500561902368243 0.5002158307130441 640 5.619023682430502E-4 2.1583071304409618E-4
0.4993371975895207 0.5003536745190509 641 6.628024104792796E-4 3.536745190508839E-4
0.5011668899791053 0.5004900732091394 642 0.0011668899791053011 4.900732091394078E-4
0.500697372739254 0.5002445602300458 643 6.973727392539653E-4 2.445602300458205E-4
0.4998471609013778 0.5001796938801452 644 1.528390986221817E-4 1.7969388014515975E-4
0.5029291826209428 0.49986621858525854 645 0.002929182620942772 1.3378141474146288E-4
0.49981026106553667 0.5001446500620337 646 1.897389344633349E-4 1.4465006203367992E-4
0.49907817796751136 0.5014240275041262 647 9.218220324886395E-4 0.0014240275041261796
0.5000685963993413 0.4988366737943606 648 6.859639934131412E-5 0.0011633262056394145
0.4999851444042177 0.4998525819724829 649 1.4855595782292674E-5 1.4741802751710997E-4
0.5000699589290253 0.49938091994156547 650 6.995892902528222E-5 6.190800584345291E-4
0.5007443616282583 0.4994739322107764 651 7.443616282583054E-4 5.260677892235943E-4
0.49990887182725885 0.501035300106988 652 9.112817274115059E-5 0.0010353001069880463
0.49995474072048096 0.5019421122360412 653 4.525927951903874E-5 0.001942112236041238
0.5012482366038028 0.5011167636579075 654 0.0012482366038027992 0.0011167636579074713
0.5004799779509777 0.49997953415688245 655 4.799779509776503E-4 2.046584311754529E-5
0.49890870612446403 0.4987064939929321 656 0.0010912938755359702 0.0012935060070679016
0.5002761684223569 0.4999493852600119 657 2.7616842235689276E-4 5.06147399880752E-5
0.4995336598545117 0.4985401863996331 658 4.663401454882976E-4 0.0014598136003668993
0.4993861101352918 0.5000316210695255 659 6.138898647081725E-4 3.162106952547816E-5
0.5009578494424543 0.49957292601566017 660 9.578494424542505E-4 4.270739843398319E-4
0.49966703526933115 0.4998853324051487 661 3.329647306688499E-4 1.1466759485129208E-4
0.4993880465762095 0.4996502822153687 662 6.119534237905011E-4 3.49717784631276E-4
0.49980039758944667 0.4998366125171374 663 1.996024105533345E-4 1.6338748286259808E-4
0.49858874691816635 0.5002142137082253 664 0.0014112530818336522 2.1421370822527486E-4
0.49949378881651707 0.49963178842268097 665 5.062111834829297E-4 3.682115773190331E-4
0.5001406914688211 0.4987250533304708 666 1.4069146882111916E-4 0.0012749466695292089
0.49949089792927104 0.5012882216158826 667 5.091020707289617E-4 0.001288221615882601
0.49986679193111894 0.4982788108801529 668 1.332080688810633E-4 0.0017211891198470886
0.4999767735988993 0.5008133763345881 669 2.3226401100695515E-5 8.133763345881118E-4
0.5010109258971391 0.5004684446728459 670 0.0010109258971391366 4.684446728459024E-4
0.5000724244394184 0.5011590829376015 671 7.242443941835042E-5 0.0011590829376014744
0.4993491361617303 0.49924305632893795 672 6.508638382696774E-4 7.569436710620492E-4
0.4985646766964964 0.5019335385896616 673 0.0014353233035035995 0.0019335385896616097
0.5006953466070138 0.4981760265954208 674 6.953466070137582E-4 0.0018239734045791822
0.49996747064690905 0.5009452662416851 675 3.252935309094873E-5 9.452662416851165E-4
0.49937838087433734 0.49902500847599274 676 6.216191256626646E-4 9.749915240072626E-4
0.5000093121695268 0.5003549854547376 677 9.312169526820568E-6 3.5498545473755527E-4
0.5005207791450074 0.5013886735096237 678 5.207791450073662E-4 0.0013886735096236835
0.49954523826608266 0.49872282810904617 679 4.5476173391734154E-4 0.001277171890953832
0.499222017314001 0.499877716055628 680 7.779826859989902E-4 1.2228394437202583E-4
0.5004963462019814 0.5003883045666604 681 4.963462019813569E-4 3.8830456666039126E-4
0.5001682713002593 0.5014791484077218 682 1.6827130025931503E-4 0.0014791484077217865
0.5009198148850282 0.4992624086635332 683 9.198148850282362E-4 7.375913364667808E-4
0.4997879371895735 0.49901664097680004 684 2.1206281042651653E-4 9.83359023199959E-4
0.5012284564992163 0.5003747254940537 685 0.0012284564992163238 3.7472549405370703E-4
0.4994844689557287 0.49882205844924754 686 5.155310442713223E-4 0.0011779415507524593
0.5001759495787581 0.5009229594957801 687 1.7594957875810557E-4 9.229594957801401E-4
0.5007280165722395 0.5001474076301412 688 7.280165722395315E-4 1.4740763014120528E-4
0.4991160040668759 0.4995318736981923 689 8.839959331241043E-4 4.681263018077031E-4
0.5005463680463551 0.5009125739853301 690 5.463680463551057E-4 9.125739853300674E-4
0.5016451492427275 0.49899109124088165 691 0.0016451492427275172 0.0010089087591183543
0.4993359706864204 0.5006783963329698 692 6.640293135796171E-4 6.783963329698439E-4
0.5002506962804042 0.5002191470788375 693 2.5069628040419456E-4 2.191470788375227E-4
0.501864570492285 0.4997595068486475 694 0.0018645704922849449 2.4049315135249438E-4
0.49921416283614867 0.4999689620394282 695 7.858371638513328E-4 3.1037960571800305E-5
0.5000807018825466 0.500157246859547 696 8.07018825466077E-5 1.5724685954698892E-4
0.5009459553493678 0.4999886396899226 697 9.459553493678108E-4 1.1360310077423996E-5
0.5010791769728399 0.4994949722330932 698 0.0010791769728398792 5.050277669068071E-4
0.4999227495038554 0.4998239553064388 699 7.725049614459856E-5 1.760446935611948E-4
0.5004765512830328 0.5007913982399078 700 4.7655128303281113E-4 7.913982399078145E-4
0.5010355883908058 0.5004459203895383 701 0.0010355883908057528 4.4592038953827906E-4
0.5003595702544689 0.5008725443804873 702 3.5957025446886615E-4 8.72544380487339E-4
0.49843373572293165 0.49926790281516287 703 0.0015662642770683521 7.320971848371327E-4
0.5004081024894744 0.4992715849820047 704 4.0810248947442673E-4 7.284150179953097E-4
0.4991715197468993 0.5008839145537792 705 8.284802531007274E-4 8.839145537792303E-4
0.4983564825745521 0.4999181800507772 706 0.0016435174254478824 8.181994922279445E-5
0.500864395785749 0.4998740912777382 707 8.643957857490392E-4 1.2590872226181382E-4
0.4986620276079555 0.4992390301323876 708 0.001337972392044473 7.609698676124266E-4
0.5002621218605908 0.4990342555937598 709 2.621218605908249E-4 9.657444062401987E-4
0.5010048511527913 0.500285883796452 710 0.001004851152791253 2.8588379645200224E-4
0.4998018773722429 0.500675984541585 711 1.9812262775709133E-4 6.759845415850174E-4
0.5006366810211912 0.5001344463209323 712 6.366810211911877E-4 1.3444632093229103E-4
0.5007920875416425 0.4999488584035825 713 7.920875416425055E-4 5.1141596417503266E-5
0.49968650524159236 0.4997767444368563 714 3.1349475840763974E-4 2.2325556314367612E-4
0.5010365607997402 0.5002184867526249 715 0.0010365607997402382 2.1848675262492456E-4
0.49949948962693524 0.4992478965705561 716 5.005103730647553E-4 7.521034294438733E-4
0.5000529035969995 0.49951719174864445 717 5.2903596999498426E-5 4.828082513555487E-4
0.5007034031454174 0.5008928703784179 718 7.034031454173917E-4 8.928703784178982E-4
0.5000749115396452 0.5006231725150241 719 7.491153964522823E-5 6.231725150240841E-4
0.4995510777107447 0.5004170698339374 720 4.4892228925530464E-4 4.1706983393741126E-4
0.4990906954765312 0.5004369435927001 721 9.093045234688235E-4 4.3694359270007865E-4
0.49844089736400704 0.4995523673475738 722 0.0015591026359929594 4.4763265242619976E-4
0.5003994729565864 0.5014334844208239 723 3.994729565863775E-4 0.0014334844208239161
0.49968893936793335 0.49950152264074044 724 3.110606320666509E-4 4.984773592595637E-4
0.4997080564887765 0.4987223154229493 725 2.919435112235247E-4 0.0012776845770506862
0.5014005323954617 0.5006885625160141 726 0.0014005323954616733 6.88562516014124E-4
0.5001280371111368 0.5004446022193831 727 1.2803711113684724E-4 4.4460221938313893E-4
0.4991778646328332 0.500758168704946 728 8.221353671667986E-4 7.581687049460495E-4
0.5025003466737071 0.49982951034630335 729 0.0025003466737071323 1.7048965369664826E-4
0.49931113065004257 0.5007013278822883 730 6.888693499574328E-4 7.013278822882718E-4
0.5002219002788999 0.4987835042008822 731 2.2190027889990027E-4 0.0012164957991178116
0.4991814059861892 0.49986872493352763 732 8.185940138107917E-4 1.3127506647236942E-4
0.5012959343545891 0.4995373857520385 733 0.001295934354589079 4.626142479615125E-4
0.5005324076690272 0.4994668573051817 734 5.324076690271795E-4 5.331426948183005E-4
0.49836267335554957 0.4986160580211891 735 0.001637326644450432 0.0013839419788109208
0.4997979604291553 0.5007498692855441 736 2.0203957084469204E-4 7.498692855441025E-4
0.5007880268874589 0.5006435044535407 737 7.880268874589369E-4 6.435044535406664E-4
0.4990432787929876 0.4993158683023301 738 9.567212070124009E-4 6.841316976698986E-4
0.4987951962259834 0.5005649600212406 739 0.001204803774016605 5.649600212406236E-4
0.4999644718452334 0.49887566432685776 740 3.552815476659532E-5 0.0011243356731422405
0.5009971326543333 0.49961469495482175 741 9.971326543333214E-4 3.853050451782525E-4
0.49876128666733277 0.4997849736647909 742 0.0012387133326672295 2.1502633520908976E-4
0.500957231601481 0.5004359820669269 743 9.57231601480979E-4 4.3598206692685437E-4
0.49957929108687177 0.5006470504179028 744 4.2070891312823155E-4 6.470504179028058E-4
0.5022727117257529 0.4997006960728361 745 0.0022727117257529406 2.993039271638742E-4
0.5001337189418842 0.5020309060217634 746 1.3371894188418665E-4 0.002030906021763368
0.49928371996404597 0.5008530757773728 747 7.162800359540311E-4 8.530757773728137E-4
0.5017638181636638 0.4999345849216834 748 0.0017638181636637773 6.541507831658855E-5
0.5001832230707206 0.5009349077414335 749 1.8322307072060617E-4 9.34907741433455E-4
0.500540397531437 0.49976909881073217 750 5.403975314369758E-4 2.309011892678292E-4
0.5004349332114896 0.5009750623467506 751 4.349332114895743E-4 9.750623467505992E-4
0.5003729861063918 0.499468578579698 752 3.7298610639180385E-4 5.314214203019918E-4
0.4994157980038594 0.5007739636355952 753 5.842019961406208E-4 7.739636355952317E-4
0.5004595871810901 0.5011014428589532 754 4.595871810900709E-4 0.0011014428589531944
0.5002742885265048 0.49952544006979427 755 2.742885265047956E-4 4.745599302057313E-4
0.5013082980877079 0.49986591539559705 756 0.0013082980877079375 1.340846044029509E-4
0.49861247242533463 0.5000651137268489 757 0.0013875275746653704 6.511372684891992E-5
0.501145721391543 0.5008800368194909 758 0.0011457213915430087 8.800368194908925E-4
0.4997881530497723 0.5015549809893477 759 2.1184695022768985E-4 0.0015549809893476985
0.4992944313475434 0.4983750455908055 760 7.055686524565785E-4 0.0016249544091945234
0.5002915652077887 0.5004433204844065 761 2.915652077887243E-4 4.433204844065397E-4
0.498472829753513 0.4996171619859047 762 0.0015271702464870196 3.8283801409527696E-4
0.4999047855493909 0.5012112693418586 763 9.521445060911571E-5 0.0012112693418585563
0.4995466723396897 0.5007162708821568 764 4.533276603103098E-4 7.162708821567554E-4
0.5005822317128921 0.4988849222350609 765 5.822317128920673E-4 0.0011150777649390764
0.5010448263795176 0.5004098491233847 766 0.0010448263795176382 4.09849123384709E-4
0.5011836522059048 0.49943174098578 767 0.0011836522059047727 5.682590142199739E-4
0.5010817528755026 0.5018368962371883 768 0.0010817528755026062 0.0018368962371883013
0.5010917456936064 0.49960695449920817 769 0.0010917456936063719 3.930455007918332E-4
0.49992066797476464 0.500014934858142 770 7.933202523535687E-5 1.4934858141968377E-5
0.4994884097383736 0.5002937634819479 771 5.115902616263934E-4 2.9376348194787294E-4
0.4999899977922185 0.49918825261886735 772 1.0002207781523165E-5 8.117473811326548E-4
0.4991581856940036 0.4998954468005869 773 8.418143059963912E-4 1.0455319941310437E-4
0.5008427983140677 0.5009138255147785 774 8.427983140677497E-4 9.138255147784768E-4
0.5003906091346729 0.49966452668769196 775 3.906091346729257E-4 3.3547331230804334E-4
0.4999338886998959 0.49824313609931326 776 6.611130010408806E-5 0.0017568639006867448
0.4984985521162505 0.4998874621441033 777 0.001501447883749507 1.125378558967105E-4
0.4998028106232075 0.5015061588341156 778 1.9718937679247261E-4 0.001506158834115645
0.4994265584298256 0.500035390525115 779 5.734415701744155E-4 3.5390525115031046E-5
0.4999939811980002 0.4999967021715145 780 6.01880199979643E-6 3.2978284855156303E-6
0.49897020120778235 0.5016271165942835 781 0.001029798792217651 0.0016271165942834953
0.4996235226487673 0.4998997482982303 782 3.7647735123269577E-4 1.0025170176969356E-4
0.49965322899939557 0.4996834188545885 783 3.467710006044289E-4 3.165811454114986E-4
0.4993792635975339 0.4988010815239665 784 6.207364024661266E-4 0.0011989184760334837
0.5006119418918871 0.4999809936170803 785 6.119418918870689E-4 1.900638291968404E-5
0.49997276044490224 0.5009219471088118 786 2.7239555097757773E-5 9.219471088117714E-4
0.4998253254933556 0.501511158380811 787 1.746745066443789E-4 0.0015111583808109508
0.5014616060444963 0.4994219525077766 788 0.0014616060444962997 5.780474922233991E-4
0.49982676417424204 0.499137025265865 789 1.7323582575795582E-4 8.629747341349914E-4
0.5008084988533203 0.500100486131118 790 8.084988533203497E-4 1.0048613111801608E-4
0.499854123924233 0.5013795560437542 791 1.4587607576699302E-4 0.001379556043754171
0.5010100487829955 0.49894961099405105 792 0.0010100487829954874 0.0010503890059489485
0.500171303642857 0.49997596401281313 793 1.713036428570014E-4 2.4035987186865615E-5
0.5005176483929501 0.4999747033640317 794 5.176483929500986E-4 2.529663596828602E-5
0.5005515136948092 0.4989252480162118 795 5.515136948092136E-4 0.0010747519837882025
0.498721689786101 0.49969142603534855 796 0.0012783102138990143 3.085739646514485E-4
0.5000645299868052 0.5013241862544517 797 6.452998680517297E-5 0.0013241862544517424
0.5013036459241541 0.49952390015680886 798 0.0013036459241541065 4.7609984319113563E-4
0.5006902673412208 0.5009150475973473 799 6.90267341220796E-4 9.150475973472849E-4
0.4989184120009529 0.5001031798862727 800 0.0010815879990471178 1.0317988627273067E-4
0.4996200549559292 0.4999688942430241 801 3.799450440707952E-4 3.110575697590212E-5
0.5010583807393635 0.49843738078101907 802 0.0010583807393634848 0.0015626192189809318
0.5017245932995755 0.49975804609221514 803 0.0017245932995755275 2.4195390778486425E-4
0.5001386606154786 0.4994439319349036 804 1.3866061547862518E-4 5.560680650963934E-4
0.4998165576377982 0.5003565573546507 805 1.834423622018022E-4 3.565573546506773E-4
0.5012706829266829 0.5002535479709463 806 0.0012706829266828645 2.5354797094634396E-4
0.5012679549806494 0.5003340274451022 807 0.001267954980649355 3.3402744510224736E-4
0.49984693842243905 0.4992958370049889 808 1.530615775609534E-4 7.041629950110817E-4
0.5004896995406171 0.5003139811541027 809 4.896995406170612E-4 3.139811541027493E-4
0.5010313786101237 0.5013637819953385 810 0.001031378610123701 0.0013637819953384867
0.5000987824348571 0.49910081082614655 811 9.878243485705873E-5 8.991891738534541E-4
0.5007630015562128 0.5002320440445135 812 7.630015562127834E-4 2.320440445134908E-4
0.5004308520602786 0.5019419203071132 813 4.30852060278597E-4 0.0019419203071131541
0.5015202997170141 0.49972291950477155 814 0.001520299717014062 2.7708049522845446E-4
0.5004672917608161 0.4997190317356866 815 4.672917608160576E-4 2.8096826431339705E-4
0.4990554603765596 0.49891096749241143 816 9.445396234403769E-4 0.001089032507588572
0.49974010732243784 0.49881025146384406 817 2.5989267756215684E-4 0.0011897485361559434
0.49800092306068966 0.5006355265187801 818 0.0019990769393103403 6.355265187800718E-4
0.4992813316497546 0.4999362516822752 819 7.186683502454216E-4 6.374831772482104E-5
0.49988961868279636 0.4993032451917815 820 1.1038131720364497E-4 6.967548082185138E-4
0.49976638377866 0.49967333710732587 821 2.3361622133999393E-4 3.266628926741344E-4
0.4994414760956464 0.5000667727205319 822 5.58523904353625E-4 6.677272053190464E-5
0.49884733907462586 0.49974762137841455 823 0.0011526609253741382 2.523786215854473E-4
0.4996668953802725 0.5008823654509772 824 3.3310461972752003E-4 8.823654509771961E-4
0.5009735554978879 0.500425913032202 825 9.735554978879124E-4 4.259130322019633E-4
0.5003514534997313 0.49978314596835205 826 3.5145349973131346E-4 2.1685403164795058E-4
0.5014190830025842 0.4997959388856743 827 0.0014190830025841983 2.0406111432569318E-4
0.5004058676289987 0.500474615255116 828 4.058676289987462E-4 4.7461525511605096E-4
0.5001615352633215 0.500008617990258 829 1.6153526332152168E-4 8.617990257975272E-6
0.5002032943532739 0.5003633256502167 830 2.0329435327393064E-4 3.633256502166837E-4
0.5015581335845587 0.4989936440353831 831 0.0015581335845586963 0.0010063559646169007
0.49906205131582426 0.5003359742999818 832 9.379486841757378E-4 3.359742999817783E-4
0.5007571549624831 0.4987849982848369 833 7.571549624830753E-4 0.0012150017151630887
0.5003034451529734 0.4984119982446704 834 3.03445152973425E-4 0.0015880017553295822
0.5003746340292544 0.49950138927553045 835 3.74634029254417E-4 4.986107244695503E-4
0.5013274492504124 0.4990190379060324 836 0.0013274492504123936 9.809620939675856E-4
0.4999913321130356 0.49916291907952387 837 8.667886964408567E-6 8.370809204761298E-4
0.5005311884089846 0.49972634432595586 838 5.311884089845842E-4 2.736556740441376E-4
0.4996569531831466 0.5004214665343228 839 3.4304681685337624E-4 4.214665343228452E-4
0.49961485088301194 0.5010582332184146 840 3.851491169880594E-4 0.0010582332184145837
0.49790825442721415 0.5018832453755327 841 0.0020917455727858525 0.0018832453755327494
0.5000789145536669 0.5004658191222154 842 7.891455366693112E-5 4.658191222154384E-4
0.501302934712194 0.4988894120728044 843 0.0013029347121940038 0.0011105879271955943
0.501420654936005 0.5001602951767385 844 0.0014206549360049614 1.602951767385452E-4
0.5007784133010205 0.49867482218770987 845 7.784133010204641E-4 0.0013251778122901348
0.5003701850069063 0.501768740735666 846 3.701850069063317E-4 0.001768740735666019
0.49875689787026395 0.4993215875788843 847 0.0012431021297360512 6.78412421115715E-4
0.4991648575777246 0.5008958103796939 848 8.351424222753923E-4 8.958103796938843E-4
0.5011391098752624 0.4992905492379141 849 0.0011391098752624451 7.094507620858947E-4
0.500207920048644 0.4994969541953372 850 2.0792004864400582E-4 5.030458046628161E-4
0.5010989632522194 0.5004722289562215 851 0.0010989632522193649 4.7222895622145433E-4
0.5007574559668205 0.5000387542498538 852 7.574559668205305E-4 3.875424985377851E-5
0.4995763990468293 0.5000470190286546 853 4.236009531706775E-4 4.70190286545602E-5
0.5007777940958199 0.5002870750515089 854 7.777940958199059E-4 2.8707505150893375E-4
0.4981447976342321 0.5007112531815437 855 0.0018552023657679162 7.112531815437473E-4
0.500452222243563 0.5001761053432983 856 4.522222435630052E-4 1.7610534329826066E-4
0.5001211879392087 0.5012499428417518 857 1.2118793920867788E-4 0.0012499428417518388
0.5009064966630755 0.499685065865855 858 9.064966630755178E-4 3.1493413414501736E-4
0.5008122113005767 0.4976394147875647 859 8.122113005767373E-4 0.0023605852124353177
0.5007572543800876 0.49899567086099733 860 7.572543800875575E-4 0.0010043291390026687
0.4987055203446393 0.5005480505873064 861 0.0012944796553607252 5.480505873064478E-4
0.4996146600471421 0.5014094236684504 862 3.8533995285788825E-4 0.0014094236684504269
0.5010102197472195 0.4996650861971036 863 0.0010102197472194874 3.3491380289640826E-4
0.49976342657560324 0.5001949441730272 864 2.3657342439675766E-4 1.9494417302723388E-4
0.5008687139795261 0.5001761260926539 865 8.687139795261478E-4 1.7612609265393875E-4
0.49911070048661205 0.4994047132504347 866 8.892995133879533E-4 5.952867495653269E-4
0.4995778465781626 0.49955569639187714 867 4.2215342183737903E-4 4.443036081228646E-4
0.4993910778904796 0.5012887418590836 868 6.089221095204045E-4 0.0012887418590835642
0.4990185722124017 0.5014055865311937 869 9.81427787598299E-4 0.0014055865311937144
0.50031117199348 0.49858141119360777 870 3.1117199347996394E-4 0.0014185888063922292
0.4998158582972272 0.5004012261987001 871 1.8414170277281094E-4 4.012261987000887E-4
0.4998760868691797 0.5004721639586484 872 1.2391313082027455E-4 4.721639586483528E-4
0.5004969851857621 0.49998109851237793 873 4.969851857621332E-4 1.8901487622069446E-5
0.5015970641513968 0.4994472561010282 874 0.001597064151396821 5.527438989718081E-4
0.5006238778611677 0.5000331434066402 875 6.238778611676876E-4 3.314340664017923E-5
0.49925062145936766 0.4987609631947923 876 7.493785406323394E-4 0.001239036805207705
0.4993070869786691 0.5006442263930282 877 6.929130213308987E-4 6.442263930281911E-4
0.4999078495338924 0.49947043046177503 878 9.215046610761002E-5 5.295695382249721E-4
0.5008294836131431 0.5006661571584959 879 8.294836131430561E-4 6.661571584959392E-4
0.49833505047560617 0.5007022852445064 880 0.0016649495243938328 7.022852445064398E-4
0.49949439707340904 0.5003958730751941 881 5.056029265909645E-4 3.9587307519406423E-4
0.5003095936175574 0.5008513643501626 882 3.095936175574465E-4 8.513643501626422E-4
0.5001447204922973 0.5005371727460329 883 1.447204922973011E-4 5.371727460329323E-4
0.49930251122794017 0.50123429116879 884 6.974887720598288E-4 0.001234291168790036
0.5005286400899902 0.5008308340928804 885 5.286400899902066E-4 8.308340928804281E-4
0.49872102302250154 0.5005979683241789 886 0.0012789769774984583 5.979683241789102E-4
0.5000762456220237 0.5009015712882315 887 7.624562202368512E-5 9.015712882315396E-4
0.5001407049882732 0.4989379657952778 888 1.4070498827323252E-4 0.0010620342047221731
0.49977982667448156 0.498401981423335 889 2.2017332551843571E-4 0.0015980185766649724
0.5000838968620667 0.5003208507241838 890 8.389686206666802E-5 3.2085072418375216E-4
0.499485369606333 0.49861678161656237 891 5.146303936670038E-4 0.0013832183834376344
0.5002891433796061 0.5009904276497927 892 2.891433796060605E-4 9.904276497927356E-4
0.4989196329115922 0.5006818160813412 893 0.0010803670884078076 6.818160813412133E-4
0.49978661913649347 0.5001879465417631 894 2.133808635065293E-4 1.8794654176312875E-4
0.5012426602367316 0.499293792441828 895 0.0012426602367315853 7.062075581720229E-4
0.500053588757308 0.5009626792232127 896 5.35887573079874E-5 9.626792232126924E-4
0.4999076216943352 0.49900609114758443 897 9.237830566477534E-5 9.939088524155704E-4
0.499402989604311 0.500440093505776 898 5.970103956889905E-4 4.400935057760069E-4
0.4991781607024403 0.4992053633886945 899 8.2183929755969E-4 7.946366113055214E-4
0.5003601259347673 0.4991100105209732 900 3.6012593476730803E-4 8.899894790267981E-4
0.5004937015735581 0.4998481182794659 901 4.93701573558103E-4 1.518817205340972E-4
0.5008482710627301 0.5001586385073127 902 8.482710627301104E-4 1.586385073126806E-4
0.4994337665044992 0.5005980790242213 903 5.662334955007786E-4 5.980790242212652E-4
0.50113377782077 0.5010560313891813 904 0.0011337778207699545 0.0010560313891813111
0.5000812522320581 0.49848485176192453 905 8.12522320581266E-5 0.00151514823807547
0.49990682077448495 0.5004559777630728 906 9.317922551504987E-5 4.5597776307282345E-4
0.49931834933095526 0.4989911435605698 907 6.816506690447421E-4 0.0010088564394302169
0.49999313729379197 0.4993442762879279 908 6.862706208032865E-6 6.557237120721204E-4
0.4990098230216544 0.49888203994759706 909 9.901769783455805E-4 0.0011179600524029443
0.49971017970355636 0.5001368327954884 910 2.898202964436436E-4 1.3683279548837302E-4
0.5002969033914566 0.5004457605418176 911 2.969033914566044E-4 4.4576054181755254E-4
0.4997596015077291 0.49883058386493256 912 2.4039849227092125E-4 0.001169416135067436
0.5004223059568176 0.4991732636205907 913 4.223059568175813E-4 8.267363794092764E-4
0.5004464327005186 0.4998817927239391 914 4.464327005185842E-4 1.1820727606087766E-4
0.49962707293090747 0.5011024560526071 915 3.7292706909253237E-4 0.0011024560526070593
0.499464665292593 0.5001826123060354 916 5.353347074070203E-4 1.8261230603544565E-4
0.4993987032591409 0.4989403683078003 917 6.012967408591252E-4 0.0010596316921996918
0.499293611571148 0.5009380067288289 918 7.063884288520117E-4 9.380067288289329E-4
0.5009985683856962 0.4997932491520853 919 9.985683856962302E-4 2.067508479147162E-4
0.5004246044039258 0.5005891930114076 920 4.246044039257768E-4 5.89193011407585E-4
0.5005404808700706 0.5006940273646961 921 5.404808700706365E-4 6.940273646961481E-4
0.4991631172043583 0.4992831520477577 922 8.368827956417024E-4 7.168479522423055E-4
0.4994908631896076 0.5005732764311209 923 5.091368103923855E-4 5.732764311209282E-4
0.5006113824132868 0.5001879678472161 924 6.113824132868428E-4 1.8796784721608617E-4
0.49946787684609745 0.4997462409403467 925 5.321231539025528E-4 2.5375905965330237E-4
0.5005438758111785 0.5004769835304964 926 5.438758111785402E-4 4.7698353049641096E-4
0.5010523722511041 0.5004584051261708 927 0.0010523722511041056 4.584051261707911E-4
0.5008734651381752 0.4976189087942242 928 8.734651381752112E-4 0.002381091205775787
0.5009312853407636 0.4995130094883719 929 9.312853407635879E-4 4.869905116280937E-4
0.5001115627342088 0.500364587134027 930 1.1156273420875884E-4 3.645871340269835E-4
0.5008194521837582 0.5004944076460504 931 8.194521837582291E-4 4.944076460503544E-4
0.4991072727299574 0.4997498874403262 932 8.927272700425815E-4 2.501125596737763E-4
0.5003896007522384 0.5002768184789317 933 3.8960075223837265E-4 2.768184789316841E-4
0.5000326124639508 0.5000106245690183 934 3.2612463950809634E-5 1.0624569018347074E-5
0.5011573864891724 0.4994727713839123 935 0.0011573864891724073 5.272286160877271E-4
0.49850915184469463 0.4992519442642372 936 0.0014908481553053687 7.480557357628093E-4
0.5005153021819321 0.49978350357800766 937 5.153021819320758E-4 2.1649642199234043E-4
0.4991375084323415 0.5000783755163236 938 8.624915676584965E-4 7.837551632361439E-5
0.5002609267216568 0.4993581572977129 939 2.6092672165678454E-4 6.418427022871209E-4
0.5010716275277638 0.49997478182060445 940 0.0010716275277637966 2.521817939554749E-5
0.5007749214050325 0.5008865076487494 941 7.74921405032547E-4 8.865076487494239E-4
0.5001892857664159 0.5002014539400483 942 1.892857664158587E-4 2.0145394004833506E-4
0.5000831668351482 0.4979640093268153 943 8.316683514819623E-5 0.0020359906731847177
0.4993047961152638 0.49844247530426755 944 6.952038847362063E-4 0.0015575246957324484
0.49987295703334 0.49820722486435226 945 1.2704296665999593E-4 0.0017927751356477395
0.5000330269193668 0.5002306934806148 946 3.302691936679647E-5 2.3069348061477424E-4
0.4994176281341483 0.4990469615396404 947 5.823718658516941E-4 9.530384603596009E-4
0.49957314696563365 0.5001351225674389 948 4.268530343663479E-4 1.351225674388612E-4
0.5004239026823463 0.49902989286477734 949 4.239026823462666E-4 9.701071352226642E-4
0.5008803162375168 0.4989849367110419 950 8.803162375168316E-4 0.001015063288958118
0.5005950809413379 0.5015969992191981 951 5.950809413378666E-4 0.001596999219198092
0.5016867524680156 0.5006386782160445 952 0.0016867524680156398 6.386782160444637E-4
0.500211647568189 0.5008747776371729 953 2.1164756818903285E-4 8.747776371729188E-4
0.5003975993637322 0.498590412948554 954 3.9759936373218174E-4 0.001409587051446004
0.5010560150649456 0.5008716197015554 955 0.0010560150649455702 8.716197015553595E-4
0.5006780595814511 0.5014324171811291 956 6.780595814510626E-4 0.0014324171811290753
0.4984490823487343 0.5009034397169143 957 0.001550917651265693 9.034397169143116E-4
0.4989368410630491 0.5005378657828201 958 0.0010631589369509142 5.378657828201128E-4
0.5008985836182828 0.5013958608686854 959 8.985836182827667E-4 0.0013958608686853724
0.49880684653318785 0.4997404858995544 960 0.0011931534668121468 2.595141004456125E-4
0.49993119091891763 0.5000004512664737 961 6.880908108236605E-5 4.512664737443828E-7
0.49863870722809583 0.5003860709013885 962 0.0013612927719041656 3.860709013885355E-4
0.5003880902157088 0.4993116824233444 963 3.880902157088473E-4 6.88317576655606E-4
0.49879121048831876 0.49998288080315245 964 0.0012087895116812408 1.7119196847548146E-5
0.500240699114911 0.4987614794550538 965 2.406991149109805E-4 0.00123852054494622
0.501357075471003 0.4998755787508541 966 0.0013570754710030553 1.244212491459118E-4
0.5016072506117519 0.4977186212611953 967 0.0016072506117519314 0.0022813787388046847
0.49838571105822843 0.49733319686930727 968 0.001614288941771569 0.00266680313069273
0.49912319862124255 0.49994529192943005 969 8.768013787574525E-4 5.470807056995319E-5
0.4996264964141992 0.49972597563667537 970 3.73503585800794E-4 2.74024363324632E-4
0.5013390137327022 0.4983901610543803 971 0.0013390137327021767 0.0016098389456197237
0.4991019866467025 0.5000696975518204 972 8.980133532974777E-4 6.969755182040238E-5
0.5018282532939713 0.499972633401147 973 0.0018282532939712937 2.736659885299586E-5
0.49980723905337937 0.49950918990693594 974 1.9276094662062926E-4 4.908100930640646E-4
0.5003441602644738 0.49907688722293103 975 3.44160264473814E-4 9.231127770689684E-4
0.5004231446264951 0.5007587569659019 976 4.2314462649506446E-4 7.587569659018856E-4
0.5001208183516257 0.5007018031958963 977 1.2081835162569554E-4 7.018031958963E-4
0.5002797468019197 0.5009264198152397 978 2.7974680191966694E-4 9.264198152396652E-4
0.4988622019725831 0.5012186440760925 979 0.0011377980274169253 0.0012186440760925121
0.5002758254311475 0.501396762005616 980 2.758254311474584E-4 0.0013967620056160035
0.5006459631696998 0.500927874634468 981 6.459631696997814E-4 9.278746344679734E-4
0.49895706390856825 0.4993573807430528 982 0.0010429360914317454 6.426192569471967E-4
0.4989414097591833 0.5012974522446328 983 0.0010585902408167258 0.0012974522446328463
0.5006811523118896 0.49977719758148137 984 6.811523118895879E-4 2.2280241851863058E-4
0.5004731045253163 0.5002059019516253 985 4.7310452531634795E-4 2.059019516252869E-4
0.4999969119874453 0.49975275569600375 986 3.088012554719466E-6 2.472443039962524E-4
0.49965461563192837 0.5003109691226517 987 3.4538436807163286E-4 3.109691226517164E-4
0.49902404238064496 0.5007541771492072 988 9.75957619355039E-4 7.541771492072247E-4
0.5006818559611894 0.5005326455496479 989 6.818559611894148E-4 5.326455496479365E-4
0.4998316689461818 0.4998382382789613 990 1.683310538181937E-4 1.6176172103871123E-4
0.4989550924029618 0.5003240535212423 991 0.0010449075970381805 3.240535212423179E-4
0.498834087824581 0.49925603994710116 992 0.0011659121754190038 7.439600528988399E-4
0.49973749794021444 0.49989764007216625 993 2.625020597855632E-4 1.0235992783375059E-4
0.5004495243382774 0.5002606220659267 994 4.4952433827738503E-4 2.606220659266967E-4
0.4987525243583228 0.4993579098130962 995 0.0012474756416772093 6.420901869038098E-4
0.4987208151775819 0.49884602873284895 996 0.0012791848224181224 0.001153971267151055
0.5007393513739743 0.5011275116049799 997 7.393513739742952E-4 0.001127511604979925
0.4992216951511524 0.5002104038852216 998 7.783048488476108E-4 2.1040388522164388E-4
0.4995505130648407 0.4983026117440668 999 4.494869351592823E-4 0.0016973882559331854
